         z         Ez 
 0.000e+00  1.000e+00 
 2.000e-04  1.000e+00 
 4.000e-04  9.998e-01 
 6.000e-04  9.996e-01 
 8.000e-04  9.994e-01 
 1.000e-03  9.993e-01 
 1.200e-03  9.991e-01 
 1.400e-03  9.989e-01 
 1.600e-03  9.988e-01 
 1.800e-03  9.982e-01 
 2.000e-03  9.977e-01 
 2.200e-03  9.972e-01 
 2.400e-03  9.967e-01 
 2.600e-03  9.961e-01 
 2.800e-03  9.956e-01 
 3.000e-03  9.951e-01 
 3.200e-03  9.945e-01 
 3.400e-03  9.936e-01 
 3.600e-03  9.928e-01 
 3.800e-03  9.919e-01 
 4.000e-03  9.910e-01 
 4.200e-03  9.901e-01 
 4.400e-03  9.893e-01 
 4.600e-03  9.884e-01 
 4.800e-03  9.873e-01 
 5.000e-03  9.861e-01 
 5.200e-03  9.849e-01 
 5.400e-03  9.837e-01 
 5.600e-03  9.825e-01 
 5.800e-03  9.812e-01 
 6.000e-03  9.800e-01 
 6.200e-03  9.786e-01 
 6.400e-03  9.770e-01 
 6.600e-03  9.754e-01 
 6.800e-03  9.739e-01 
 7.000e-03  9.723e-01 
 7.200e-03  9.708e-01 
 7.400e-03  9.692e-01 
 7.600e-03  9.673e-01 
 7.800e-03  9.654e-01 
 8.000e-03  9.635e-01 
 8.200e-03  9.616e-01 
 8.400e-03  9.596e-01 
 8.600e-03  9.577e-01 
 8.800e-03  9.555e-01 
 9.000e-03  9.533e-01 
 9.200e-03  9.510e-01 
 9.400e-03  9.488e-01 
 9.600e-03  9.466e-01 
 9.800e-03  9.442e-01 
 1.000e-02  9.416e-01 
 1.020e-02  9.390e-01 
 1.040e-02  9.364e-01 
 1.060e-02  9.338e-01 
 1.080e-02  9.312e-01 
 1.100e-02  9.284e-01 
 1.120e-02  9.254e-01 
 1.140e-02  9.224e-01 
 1.160e-02  9.194e-01 
 1.180e-02  9.163e-01 
 1.200e-02  9.133e-01 
 1.220e-02  9.103e-01 
 1.240e-02  9.068e-01 
 1.260e-02  9.033e-01 
 1.280e-02  8.998e-01 
 1.300e-02  8.963e-01 
 1.320e-02  8.928e-01 
 1.340e-02  8.893e-01 
 1.360e-02  8.855e-01 
 1.380e-02  8.815e-01 
 1.400e-02  8.775e-01 
 1.420e-02  8.735e-01 
 1.440e-02  8.695e-01 
 1.460e-02  8.654e-01 
 1.480e-02  8.611e-01 
 1.500e-02  8.566e-01 
 1.520e-02  8.521e-01 
 1.540e-02  8.476e-01 
 1.560e-02  8.431e-01 
 1.580e-02  8.386e-01 
 1.600e-02  8.336e-01 
 1.620e-02  8.286e-01 
 1.640e-02  8.235e-01 
 1.660e-02  8.185e-01 
 1.680e-02  8.134e-01 
 1.700e-02  8.082e-01 
 1.720e-02  8.026e-01 
 1.740e-02  7.970e-01 
 1.760e-02  7.914e-01 
 1.780e-02  7.859e-01 
 1.800e-02  7.803e-01 
 1.820e-02  7.745e-01 
 1.840e-02  7.681e-01 
 1.860e-02  7.618e-01 
 1.880e-02  7.554e-01 
 1.900e-02  7.491e-01 
 1.920e-02  7.427e-01 
 1.940e-02  7.364e-01 
 1.960e-02  7.301e-01 
 1.980e-02  7.234e-01 
 2.000e-02  7.161e-01 
 2.020e-02  7.088e-01 
 2.040e-02  7.015e-01 
 2.060e-02  6.942e-01 
 2.080e-02  6.869e-01 
 2.100e-02  6.796e-01 
 2.120e-02  6.723e-01 
 2.140e-02  6.648e-01 
 2.160e-02  6.565e-01 
 2.180e-02  6.483e-01 
 2.200e-02  6.401e-01 
 2.220e-02  6.319e-01 
 2.240e-02  6.237e-01 
 2.260e-02  6.155e-01 
 2.280e-02  6.073e-01 
 2.300e-02  5.985e-01 
 2.320e-02  5.893e-01 
 2.340e-02  5.802e-01 
 2.360e-02  5.710e-01 
 2.380e-02  5.619e-01 
 2.400e-02  5.528e-01 
 2.420e-02  5.436e-01 
 2.440e-02  5.345e-01 
 2.460e-02  5.247e-01 
 2.480e-02  5.146e-01 
 2.500e-02  5.045e-01 
 2.520e-02  4.944e-01 
 2.540e-02  4.843e-01 
 2.560e-02  4.742e-01 
 2.580e-02  4.641e-01 
 2.600e-02  4.540e-01 
 2.620e-02  4.434e-01 
 2.640e-02  4.324e-01 
 2.660e-02  4.214e-01 
 2.680e-02  4.105e-01 
 2.700e-02  3.995e-01 
 2.720e-02  3.886e-01 
 2.740e-02  3.776e-01 
 2.760e-02  3.666e-01 
 2.780e-02  3.550e-01 
 2.800e-02  3.433e-01 
 2.820e-02  3.316e-01 
 2.840e-02  3.199e-01 
 2.860e-02  3.082e-01 
 2.880e-02  2.965e-01 
 2.900e-02  2.848e-01 
 2.920e-02  2.731e-01 
 2.940e-02  2.607e-01 
 2.960e-02  2.484e-01 
 2.980e-02  2.361e-01 
 3.000e-02  2.237e-01 
 3.020e-02  2.114e-01 
 3.040e-02  1.991e-01 
 3.060e-02  1.868e-01 
 3.080e-02  1.744e-01 
 3.100e-02  1.617e-01 
 3.120e-02  1.489e-01 
 3.140e-02  1.361e-01 
 3.160e-02  1.234e-01 
 3.180e-02  1.106e-01 
 3.200e-02  9.780e-02 
 3.220e-02  8.503e-02 
 3.240e-02  7.225e-02 
 3.260e-02  5.926e-02 
 3.280e-02  4.627e-02 
 3.300e-02  3.327e-02 
 3.320e-02  2.028e-02 
 3.340e-02  7.280e-03 
 3.360e-02 -5.715e-03 
 3.380e-02 -1.871e-02 
 3.400e-02 -3.171e-02 
 3.420e-02 -4.483e-02 
 3.440e-02 -5.782e-02 
 3.460e-02 -7.080e-02 
 3.480e-02 -8.379e-02 
 3.500e-02 -9.677e-02 
 3.520e-02 -1.098e-01 
 3.540e-02 -1.227e-01 
 3.560e-02 -1.357e-01 
 3.580e-02 -1.487e-01 
 3.600e-02 -1.615e-01 
 3.620e-02 -1.742e-01 
 3.640e-02 -1.870e-01 
 3.660e-02 -1.998e-01 
 3.680e-02 -2.125e-01 
 3.700e-02 -2.253e-01 
 3.720e-02 -2.380e-01 
 3.740e-02 -2.504e-01 
 3.760e-02 -2.628e-01 
 3.780e-02 -2.752e-01 
 3.800e-02 -2.876e-01 
 3.820e-02 -3.001e-01 
 3.840e-02 -3.124e-01 
 3.860e-02 -3.244e-01 
 3.880e-02 -3.364e-01 
 3.900e-02 -3.484e-01 
 3.920e-02 -3.604e-01 
 3.940e-02 -3.724e-01 
 3.960e-02 -3.842e-01 
 3.980e-02 -3.956e-01 
 4.000e-02 -4.071e-01 
 4.020e-02 -4.185e-01 
 4.040e-02 -4.300e-01 
 4.060e-02 -4.414e-01 
 4.080e-02 -4.530e-01 
 4.100e-02 -4.637e-01 
 4.120e-02 -4.744e-01 
 4.140e-02 -4.851e-01 
 4.160e-02 -4.959e-01 
 4.180e-02 -5.066e-01 
 4.200e-02 -5.173e-01 
 4.220e-02 -5.280e-01 
 4.240e-02 -5.385e-01 
 4.260e-02 -5.483e-01 
 4.280e-02 -5.581e-01 
 4.300e-02 -5.679e-01 
 4.320e-02 -5.777e-01 
 4.340e-02 -5.875e-01 
 4.360e-02 -5.973e-01 
 4.380e-02 -6.071e-01 
 4.400e-02 -6.163e-01 
 4.420e-02 -6.251e-01 
 4.440e-02 -6.340e-01 
 4.460e-02 -6.428e-01 
 4.480e-02 -6.517e-01 
 4.500e-02 -6.605e-01 
 4.520e-02 -6.693e-01 
 4.540e-02 -6.782e-01 
 4.560e-02 -6.862e-01 
 4.580e-02 -6.940e-01 
 4.600e-02 -7.019e-01 
 4.620e-02 -7.097e-01 
 4.640e-02 -7.176e-01 
 4.660e-02 -7.254e-01 
 4.680e-02 -7.333e-01 
 4.700e-02 -7.408e-01 
 4.720e-02 -7.477e-01 
 4.740e-02 -7.546e-01 
 4.760e-02 -7.615e-01 
 4.780e-02 -7.684e-01 
 4.800e-02 -7.753e-01 
 4.820e-02 -7.822e-01 
 4.840e-02 -7.891e-01 
 4.860e-02 -7.951e-01 
 4.880e-02 -8.011e-01 
 4.900e-02 -8.072e-01 
 4.920e-02 -8.132e-01 
 4.940e-02 -8.192e-01 
 4.960e-02 -8.253e-01 
 4.980e-02 -8.311e-01 
 5.000e-02 -8.363e-01 
 5.020e-02 -8.415e-01 
 5.040e-02 -8.468e-01 
 5.060e-02 -8.520e-01 
 5.080e-02 -8.572e-01 
 5.100e-02 -8.624e-01 
 5.120e-02 -8.675e-01 
 5.140e-02 -8.719e-01 
 5.160e-02 -8.763e-01 
 5.180e-02 -8.807e-01 
 5.200e-02 -8.851e-01 
 5.220e-02 -8.895e-01 
 5.240e-02 -8.939e-01 
 5.260e-02 -8.982e-01 
 5.280e-02 -9.019e-01 
 5.300e-02 -9.055e-01 
 5.320e-02 -9.092e-01 
 5.340e-02 -9.129e-01 
 5.360e-02 -9.166e-01 
 5.380e-02 -9.202e-01 
 5.400e-02 -9.239e-01 
 5.420e-02 -9.268e-01 
 5.440e-02 -9.297e-01 
 5.460e-02 -9.327e-01 
 5.480e-02 -9.356e-01 
 5.500e-02 -9.386e-01 
 5.520e-02 -9.415e-01 
 5.540e-02 -9.443e-01 
 5.560e-02 -9.466e-01 
 5.580e-02 -9.490e-01 
 5.600e-02 -9.513e-01 
 5.620e-02 -9.536e-01 
 5.640e-02 -9.560e-01 
 5.660e-02 -9.583e-01 
 5.680e-02 -9.601e-01 
 5.700e-02 -9.618e-01 
 5.720e-02 -9.636e-01 
 5.740e-02 -9.654e-01 
 5.760e-02 -9.672e-01 
 5.780e-02 -9.690e-01 
 5.800e-02 -9.702e-01 
 5.820e-02 -9.714e-01 
 5.840e-02 -9.726e-01 
 5.860e-02 -9.739e-01 
 5.880e-02 -9.751e-01 
 5.900e-02 -9.763e-01 
 5.920e-02 -9.771e-01 
 5.940e-02 -9.778e-01 
 5.960e-02 -9.785e-01 
 5.980e-02 -9.792e-01 
 6.000e-02 -9.799e-01 
 6.020e-02 -9.806e-01 
 6.040e-02 -9.811e-01 
 6.060e-02 -9.812e-01 
 6.080e-02 -9.813e-01 
 6.100e-02 -9.814e-01 
 6.120e-02 -9.815e-01 
 6.140e-02 -9.816e-01 
 6.160e-02 -9.817e-01 
 6.180e-02 -9.815e-01 
 6.200e-02 -9.810e-01 
 6.220e-02 -9.805e-01 
 6.240e-02 -9.800e-01 
 6.260e-02 -9.796e-01 
 6.280e-02 -9.791e-01 
 6.300e-02 -9.786e-01 
 6.320e-02 -9.778e-01 
 6.340e-02 -9.766e-01 
 6.360e-02 -9.755e-01 
 6.380e-02 -9.744e-01 
 6.400e-02 -9.733e-01 
 6.420e-02 -9.722e-01 
 6.440e-02 -9.710e-01 
 6.460e-02 -9.695e-01 
 6.480e-02 -9.678e-01 
 6.500e-02 -9.661e-01 
 6.520e-02 -9.644e-01 
 6.540e-02 -9.626e-01 
 6.560e-02 -9.609e-01 
 6.580e-02 -9.592e-01 
 6.600e-02 -9.568e-01 
 6.620e-02 -9.545e-01 
 6.640e-02 -9.521e-01 
 6.660e-02 -9.498e-01 
 6.680e-02 -9.475e-01 
 6.700e-02 -9.451e-01 
 6.720e-02 -9.422e-01 
 6.740e-02 -9.393e-01 
 6.760e-02 -9.363e-01 
 6.780e-02 -9.334e-01 
 6.800e-02 -9.305e-01 
 6.820e-02 -9.276e-01 
 6.840e-02 -9.240e-01 
 6.860e-02 -9.204e-01 
 6.880e-02 -9.168e-01 
 6.900e-02 -9.133e-01 
 6.920e-02 -9.097e-01 
 6.940e-02 -9.061e-01 
 6.960e-02 -9.021e-01 
 6.980e-02 -8.978e-01 
 7.000e-02 -8.935e-01 
 7.020e-02 -8.893e-01 
 7.040e-02 -8.850e-01 
 7.060e-02 -8.807e-01 
 7.080e-02 -8.765e-01 
 7.100e-02 -8.714e-01 
 7.120e-02 -8.663e-01 
 7.140e-02 -8.612e-01 
 7.160e-02 -8.561e-01 
 7.180e-02 -8.510e-01 
 7.200e-02 -8.459e-01 
 7.220e-02 -8.409e-01 
 7.240e-02 -8.358e-01 
 7.260e-02 -8.297e-01 
 7.280e-02 -8.236e-01 
 7.300e-02 -8.175e-01 
 7.320e-02 -8.114e-01 
 7.340e-02 -8.053e-01 
 7.360e-02 -7.992e-01 
 7.380e-02 -7.931e-01 
 7.400e-02 -7.870e-01 
 7.420e-02 -7.806e-01 
 7.440e-02 -7.735e-01 
 7.460e-02 -7.665e-01 
 7.480e-02 -7.595e-01 
 7.500e-02 -7.525e-01 
 7.520e-02 -7.454e-01 
 7.540e-02 -7.384e-01 
 7.560e-02 -7.314e-01 
 7.580e-02 -7.242e-01 
 7.600e-02 -7.163e-01 
 7.620e-02 -7.084e-01 
 7.640e-02 -7.005e-01 
 7.660e-02 -6.927e-01 
 7.680e-02 -6.848e-01 
 7.700e-02 -6.769e-01 
 7.720e-02 -6.690e-01 
 7.740e-02 -6.611e-01 
 7.760e-02 -6.526e-01 
 7.780e-02 -6.440e-01 
 7.800e-02 -6.355e-01 
 7.820e-02 -6.269e-01 
 7.840e-02 -6.184e-01 
 7.860e-02 -6.098e-01 
 7.880e-02 -6.013e-01 
 7.900e-02 -5.926e-01 
 7.920e-02 -5.836e-01 
 7.940e-02 -5.747e-01 
 7.960e-02 -5.657e-01 
 7.980e-02 -5.568e-01 
 8.000e-02 -5.478e-01 
 8.020e-02 -5.388e-01 
 8.040e-02 -5.299e-01 
 8.060e-02 -5.207e-01 
 8.080e-02 -5.116e-01 
 8.100e-02 -5.025e-01 
 8.120e-02 -4.934e-01 
 8.140e-02 -4.843e-01 
 8.160e-02 -4.752e-01 
 8.180e-02 -4.661e-01 
 8.200e-02 -4.570e-01 
 8.220e-02 -4.480e-01 
 8.240e-02 -4.390e-01 
 8.260e-02 -4.301e-01 
 8.280e-02 -4.211e-01 
 8.300e-02 -4.121e-01 
 8.320e-02 -4.031e-01 
 8.340e-02 -3.943e-01 
 8.360e-02 -3.857e-01 
 8.380e-02 -3.771e-01 
 8.400e-02 -3.686e-01 
 8.420e-02 -3.600e-01 
 8.440e-02 -3.514e-01 
 8.460e-02 -3.429e-01 
 8.480e-02 -3.343e-01 
 8.500e-02 -3.263e-01 
 8.520e-02 -3.185e-01 
 8.540e-02 -3.107e-01 
 8.560e-02 -3.028e-01 
 8.580e-02 -2.950e-01 
 8.600e-02 -2.871e-01 
 8.620e-02 -2.793e-01 
 8.640e-02 -2.715e-01 
 8.660e-02 -2.644e-01 
 8.680e-02 -2.575e-01 
 8.700e-02 -2.506e-01 
 8.720e-02 -2.438e-01 
 8.740e-02 -2.369e-01 
 8.760e-02 -2.300e-01 
 8.780e-02 -2.231e-01 
 8.800e-02 -2.162e-01 
 8.820e-02 -2.101e-01 
 8.840e-02 -2.043e-01 
 8.860e-02 -1.986e-01 
 8.880e-02 -1.929e-01 
 8.900e-02 -1.871e-01 
 8.920e-02 -1.814e-01 
 8.940e-02 -1.757e-01 
 8.960e-02 -1.699e-01 
 8.980e-02 -1.642e-01 
 9.000e-02 -1.591e-01 
 9.020e-02 -1.546e-01 
 9.040e-02 -1.501e-01 
 9.060e-02 -1.455e-01 
 9.080e-02 -1.410e-01 
 9.100e-02 -1.365e-01 
 9.120e-02 -1.319e-01 
 9.140e-02 -1.274e-01 
 9.160e-02 -1.229e-01 
 9.180e-02 -1.184e-01 
 9.200e-02 -1.150e-01 
 9.220e-02 -1.115e-01 
 9.240e-02 -1.081e-01 
 9.260e-02 -1.046e-01 
 9.280e-02 -1.012e-01 
 9.300e-02 -9.773e-02 
 9.320e-02 -9.428e-02 
 9.340e-02 -9.083e-02 
 9.360e-02 -8.738e-02 
 9.380e-02 -8.454e-02 
 9.400e-02 -8.196e-02 
 9.420e-02 -7.939e-02 
 9.440e-02 -7.682e-02 
 9.460e-02 -7.425e-02 
 9.480e-02 -7.168e-02 
 9.500e-02 -6.911e-02 
 9.520e-02 -6.654e-02 
 9.540e-02 -6.396e-02 
 9.560e-02 -6.161e-02 
 9.580e-02 -5.973e-02 
 9.600e-02 -5.785e-02 
 9.620e-02 -5.597e-02 
 9.640e-02 -5.409e-02 
 9.660e-02 -5.221e-02 
 9.680e-02 -5.033e-02 
 9.700e-02 -4.846e-02 
 9.720e-02 -4.658e-02 
 9.740e-02 -4.470e-02 
 9.760e-02 -4.335e-02 
 9.780e-02 -4.197e-02 
 9.800e-02 -4.060e-02 
 9.820e-02 -3.922e-02 
 9.840e-02 -3.784e-02 
 9.860e-02 -3.646e-02 
 9.880e-02 -3.508e-02 
 9.900e-02 -3.370e-02 
 9.920e-02 -3.252e-02 
 9.940e-02 -3.148e-02 
 9.960e-02 -3.043e-02 
 9.980e-02 -2.938e-02 
 1.000e-01 -2.833e-02 
 1.002e-01 -2.728e-02 
 1.004e-01 -2.623e-02 
 1.006e-01 -2.518e-02 
 1.008e-01 -2.441e-02 
 1.010e-01 -2.361e-02 
 1.012e-01 -2.281e-02 
 1.014e-01 -2.200e-02 
 1.016e-01 -2.120e-02 
 1.018e-01 -2.040e-02 
 1.020e-01 -1.960e-02 
 1.022e-01 -1.889e-02 
 1.024e-01 -1.828e-02 
 1.026e-01 -1.767e-02 
 1.028e-01 -1.706e-02 
 1.030e-01 -1.645e-02 
 1.032e-01 -1.584e-02 
 1.034e-01 -1.523e-02 
 1.036e-01 -1.465e-02 
 1.038e-01 -1.416e-02 
 1.040e-01 -1.368e-02 
 1.042e-01 -1.320e-02 
 1.044e-01 -1.271e-02 
 1.046e-01 -1.223e-02 
 1.048e-01 -1.178e-02 
 1.050e-01 -1.139e-02 
 1.052e-01 -1.100e-02 
 1.054e-01 -1.061e-02 
 1.056e-01 -1.022e-02 
 1.058e-01 -9.826e-03 
 1.060e-01 -9.455e-03 
 1.062e-01 -9.144e-03 
 1.064e-01 -8.833e-03 
 1.066e-01 -8.521e-03 
 1.068e-01 -8.210e-03 
 1.070e-01 -7.899e-03 
 1.072e-01 -7.590e-03 
 1.074e-01 -7.340e-03 
 1.076e-01 -7.089e-03 
 1.078e-01 -6.839e-03 
 1.080e-01 -6.588e-03 
 1.082e-01 -6.338e-03 
 1.084e-01 -6.092e-03 
 1.086e-01 -5.893e-03 
 1.088e-01 -5.695e-03 
 1.090e-01 -5.496e-03 
 1.092e-01 -5.298e-03 
 1.094e-01 -5.099e-03 
 1.096e-01 -4.901e-03 
 1.098e-01 -4.733e-03 
 1.100e-01 -4.573e-03 
 1.102e-01 -4.413e-03 
 1.104e-01 -4.254e-03 
 1.106e-01 -4.094e-03 
 1.108e-01 -3.934e-03 
 1.110e-01 -3.798e-03 
 1.112e-01 -3.670e-03 
 1.114e-01 -3.542e-03 
 1.116e-01 -3.414e-03 
 1.118e-01 -3.286e-03 
 1.120e-01 -3.158e-03 
 1.122e-01 -3.051e-03 
 1.124e-01 -2.946e-03 
 1.126e-01 -2.841e-03 
 1.128e-01 -2.737e-03 
 1.130e-01 -2.632e-03 
 1.132e-01 -2.535e-03 
 1.134e-01 -2.451e-03 
 1.136e-01 -2.367e-03 
 1.138e-01 -2.282e-03 
 1.140e-01 -2.198e-03 
 1.142e-01 -2.114e-03 
 1.144e-01 -2.035e-03 
 1.146e-01 -1.968e-03 
 1.148e-01 -1.902e-03 
 1.150e-01 -1.835e-03 
 1.152e-01 -1.768e-03 
 1.154e-01 -1.701e-03 
 1.156e-01 -1.634e-03 
 1.158e-01 -1.576e-03 
 1.160e-01 -1.524e-03 
 1.162e-01 -1.472e-03 
 1.164e-01 -1.420e-03 
 1.166e-01 -1.369e-03 
 1.168e-01 -1.317e-03 
 1.170e-01 -1.265e-03 
 1.172e-01 -1.217e-03 
 1.174e-01 -1.178e-03 
 1.176e-01 -1.138e-03 
 1.178e-01 -1.099e-03 
 1.180e-01 -1.060e-03 
 1.182e-01 -1.021e-03 
 1.184e-01 -9.820e-04 
 1.186e-01 -9.429e-04 
 1.188e-01 -9.083e-04 
 1.190e-01 -8.792e-04 
 1.192e-01 -8.500e-04 
 1.194e-01 -8.209e-04 
 1.196e-01 -7.918e-04 
 1.198e-01 -7.626e-04 
 1.200e-01 -7.335e-04 
 1.202e-01 -7.044e-04 
 1.204e-01 -6.768e-04 
 1.206e-01 -6.555e-04 
 1.208e-01 -6.343e-04 
 1.210e-01 -6.131e-04 
 1.212e-01 -5.919e-04 
 1.214e-01 -5.707e-04 
 1.216e-01 -5.495e-04 
 1.218e-01 -5.282e-04 
 1.220e-01 -5.070e-04 
 1.222e-01 -4.888e-04 
 1.224e-01 -4.732e-04 
 1.226e-01 -4.576e-04 
 1.228e-01 -4.421e-04 
 1.230e-01 -4.265e-04 
 1.232e-01 -4.109e-04 
 1.234e-01 -3.953e-04 
 1.236e-01 -3.797e-04 
 1.238e-01 -3.664e-04 
 1.240e-01 -3.547e-04 
 1.242e-01 -3.431e-04 
 1.244e-01 -3.315e-04 
 1.246e-01 -3.199e-04 
 1.248e-01 -3.083e-04 
 1.250e-01 -2.966e-04 
 1.252e-01 -2.850e-04 
 1.254e-01 -2.748e-04 
 1.256e-01 -2.663e-04 
 1.258e-01 -2.577e-04 
 1.260e-01 -2.492e-04 
 1.262e-01 -2.407e-04 
 1.264e-01 -2.322e-04 
 1.266e-01 -2.236e-04 
 1.268e-01 -2.151e-04 
 1.270e-01 -2.075e-04 
 1.272e-01 -2.012e-04 
 1.274e-01 -1.949e-04 
 1.276e-01 -1.886e-04 
 1.278e-01 -1.823e-04 
 1.280e-01 -1.760e-04 
 1.282e-01 -1.697e-04 
 1.284e-01 -1.634e-04 
 1.286e-01 -1.579e-04 
 1.288e-01 -1.534e-04 
 1.290e-01 -1.489e-04 
 1.292e-01 -1.444e-04 
 1.294e-01 -1.398e-04 
 1.296e-01 -1.353e-04 
 1.298e-01 -1.308e-04 
 1.300e-01 -1.263e-04 
                    
